1 0 0 0 1.000000 0.000000 0.000000 0.000000 0.000000 -1.000000 0.000000 0.000000 0.000000 -0.000000 -1.000000 0.000000 0.000000 0.000000 0.000000 1.000000 
1 0 0 0 0.817664 -0.400767 -0.413293 0.000000 -0.574268 -0.517275 -0.634540 0.000000 0.040517 0.756182 -0.653105 0.000000 0.000000 0.000000 0.000000 1.000000 
1 0 0 -159 0.668806 -0.743346 -0.011605 0.000000 -0.694893 -0.630605 0.345620 0.000000 -0.264232 -0.223089 -0.938300 0.000000 0.000000 0.000000 -0.477000 1.000000 
1 -220 -18 52 0.668806 -0.743346 -0.011605 0.000000 -0.694893 -0.630605 0.345620 0.000000 -0.264232 -0.223089 -0.938300 0.000000 -0.660000 -0.054000 0.156000 1.000000 
1 0 0 390 1.000000 0.000000 0.000000 0.000000 0.000000 -1.000000 0.000000 0.000000 0.000000 0.000000 -1.000000 0.000000 0.000000 0.000000 1.169999 1.000000 
0
0
0
0
0
